編號
13976
14009
14067
14163
14233
14347
14438
14482
14647
14830
15051
15124
15157
15297
13472
13491
13510
13572
13604
13623
13627
13631
13652
13711
13722
13765
13800
13958
14021
14158
14272
14289
14316
14419
14589
14723
14777
14789
14812
14821
14825
14827
14899
15274
15325
15490
13519
13582
14484
15060
15451
15470
13555
13560
13562
13567
13589
13593
13601
13602
13609
13638
13689
13690
13694
13703
13725
13747
13752
13760
13787
13789
13863
13946
14011
14061
14096
14201
14297
14472
14510
15261
15329
13838
14672
14690
15359