編號
49908
49912
49915
49934
49974
49981
50009
50025
50026
50032
50038
50041
50043
50045
50046
50058
50063
50077
50085
50091
50094
50095
50128
50161
50162
50176
50186
50190
50204
50206
50207
50211
50216
50218
50221
50222
50227
50250
50254
50283
50288
50309
50315
50317
50319
50326
50327
50328
50329
50348
50354
50372
50385
50394
50410
50413
50442
50443
50458
50488
50496
50504
50506
50512
50519
50546
50553
50557
50565
50575
50583
50603
50615
50632
50637
50653
50657
50699
50714
50753
50763
50805
50816
50822
50910
50921
50923
50924
50935
50941
50944
50952
50972
51001
51002
51005
51014
51019
51031
51042
51081
51091
51100
51115
51117
51120
51124
51150
51154
51156
51168
51188
51190
51198
51205
51213
51214
51240
51242
51272
51304
51306
51307
51311
51312
51342
51346
51383
51386
51387
51398
51423
51432
51436
51451
51454
51461
51472
51477
51484
51486
51519
51536
51551
51559
51571
51604
51620
51631
51636
51643
51652
51661
51673
51677
51688
51702
51714
51777
51785
51822
51882
51911
51938
51939
51940
51941
51943
51972
51996
52003
52009
52081
52083
52085
52090
52094
52098
52120
52157
52205
52213
52216
52227
52241
52297
52299
52307
52314
52319
52341
52348
52368
52374
52390
52397
52404
52425
52485
52527
52553
52592
52604
52612
52695
52783
52813
52839
52885
52887
52905
52906
52916
52932
52937
52947
52965
52986
52997
53008
53013
53032
53064
53065
53068
53070
53097
53130
53134
53159
53178
53183
53186
53201
53213
53226
53234
53243
53244
53262
53279
53303
53325
53331
53343
53344
53380
53414
53427
53452
53454
53458
53459
53485
53487
53526
53569
53573
53577
53583
53587
53590
53594
53609
53614
53616
53622
53633
53636
53637
53662
53673
53676
53744
53751
53755
53803
53809
53811
53817
53850
53881
53901
53902
53903
53910
53911
53917
53923
53925
53931
53934
53944
53952
53965
53978
53982
54004
54007
54052
54073
54093
54099
54101
54128
54138
54156
54172
54174
54192
54203
54213
54272
54283
54286
54294
54298
54306
54359
54480
54482
54514
54555
54556
54582
54589
54602
54641
54700
54706
54728
54732
54762
54778
54786
54800
54801
54803
54814
54815
54820
54826
54830
54836
54846
54850
54855
54860
54861
54871
54882
54894
54897
54904
54908
54935
54939
54940
54948
54986
54998
55009
55011
55023
55025
55042
55049
55051
55052
55058
55074
55078
55086
55092
55107
55117
55128
55130
55135
55136
55143
55149
55155
55169
55170
55174
55175
55177
55185
55198
55204
55206
55224
55227
55228
55230
55232
55249
55254
55275
55299
55306
55325
55333
55341
55342
55343
55344
55356
55366
55400
55401
55433
55439
55446
55448
55465
55466
55485
55490
55524
55536
55552
55576
55587
55588
55592
55641
55642
55673
55725
55739
55755
55757
55761
55765
55782
55801
55803
55806
55807
55812
55834
55841
55875
55883
55886
55891
55896
55929
55945
55954
55999
56002
56064
56069
56093
56103
56130
56165
56173
56212
56228
56292
56331
56339
56364
56410
56472
56476
56503
56504
56511
56525
56543
56548
56550
56579
56584
56616
56634
56641
52273
55600