編號
1315
1305
1298
1558
1556
1566
1589
1760
1873
1875
1888
1892
1894
1929
1967
2065
2112
788
792
800
801
835
842
854
867
894
876
877
881
882
885
886
893
908
917
932
938
940
1076
1104
950
976
977
992
1043
1058
1061
1062
1066
1069
1109
1132
1161
1175
1181
1199
1205
1212
1215
1217
1226
1240
1243
1257
1260
1317
1281
1290
1310
1311
1324
1347
1381
1382
1392
1410
1426
1530
1552
1557
1655
1582
1590
1614
1678
1683
1684
1733
1702
1761
1876
1896
1900
2057
1716
1732
1739
1767
1778
1801
1815
1827
1848
1854
1895
1898
1901
1918
1920
1925
2007
2009
2015
2034
2048
2069
2070
2073
2085
1329
2016
2116
795
838
879
891
936
956
986
1035
1087
1114
1186
1219
1220
1238
1244
1316
1440
1505
1518
1575
1576
1587
1602
1611
1717
1719
1720
1723
1727
1749
1757
1764
1817
1868
1968
1993
899
1395
1499
1939
2074