 編號
49896
49892
49883
49873
49828
49825
49823
49822
49811
49805
49802
49772
49765
49761
49724
49688
49636
49635
49627
49587
49570
49544
49540
49535
49525
49473
49454
49450
49442
49438
49431
49402
49399
49393
49389
49388
49384
49372
49369
49366
49364
49362
49339
49336
49173
49172
49164
49135
49109
49098
49094
48896
48884
48881
48867
48850
48721
48692
48686
48682
48679
48669
48651
48642
48641
48601
48599
48591
48586
48585
48584
48582
48581
48580
48574
48559
48514
48511
48507
48502
48496
48457
48449
48445
48440
48414
48408
48398
48396
48380
48336
48334
48329
48317
48288
48287
48222
48213
48209
48208
48170
48167
48159
48157
48155
48146
48128
48115
48103
48098
48070
48022
48012
48008
47943
47931
47926
47908
47907
47903
47806
47793
47718
47712
47704
47514
47499
47479
47426
47369
47368
47361
47358
47338
47331
47328
47312
47286
47269
47268
47267
47226
47196
47190
47181
47117
47111
47110
47093
47025
47012
46988
46968
46958
46953
46951
46949
46931
46927
46923
46920
46905
46878
46863
46797
46735
46721
46686
46674
46656
46596
46592
46537
46516
46452
46445
46439
46378
46338
46309
46295
46292
46251
46241
46178
46129
46099
46098
46096
46082
46075
46072
46013
45971
45939
45912
45881
45875
45873
45870
45853
45844
45814
45790
45784
45781
45763
45759
45753
45752
45679
45626
45559
45549
45536
45509
45506
45494
45459
45448
45439
45434
45430
45394
45390
45379
45369
45330
45283
45272
45256
45245
45244
45243
45242
45211
45210
45176
45175
45173
45101
45100
45080
45068
45063
45026
45013
45009
44944
44936
44930
44887
44838
44813
44806
44802
44800
44768
44766
44753
44662
44637
44627
44590
44582
44566
44402
44384
44380
44375
44371
44187
44176
44079
44078
44051
44047
44039
44036
44005
43999
43934
43927
43887
43876
43863
43857
43822
43821
43801
43798
43789
43781
43780
43732
43729
43719
43705
43704
43639
43579
43526
43510
43452
43450
43412
43409
43406
43401
43397
43393
43392
43378
43371
43327
43301
43240
43236
43093
43020
42942
42920
42915
42866
42921
43037
43051
43065
43260
43339
43438
43444
43447
43461
43463
43505
43540
43578
43599
43602
43725
43919
44055
44082
44337
44942
45308
45314
45324
45598
45843
45860
45978
46025
46092
46379
46906
47022
47033
47209
47391
47406
47934
47987
48260
48634
49174
49233
49516
49526
49554
49653
42844
42853
42874
42879
42908
42911
42912
42916
42919
42924
42925
42926
42928
42930
42931
42932
42934
42935
42936
42940
42944
42945
42946
42947
42950
42958
42959
42967
42969
42970
42971
42972
42973
42976
42977
42978
42979
42980
42983
42984
42987
42988
42989
42990
42991
42993
42994
42995
42996
42998
43002
43004
43005
43012
43014
43015
43016
43021
43023
43025
43027
43029
43032
43033
43034
43035
43036
43038
43041
43042
43044
43045
43047
43048
43050
43052
43058
43062
43064
43066
43071
43073
43074
43077
43080
43084
43086
43088
43090
43091
43092
43095
43096
43100
43105
43109
43111
43118
43120
43121
43124
43126
43132
43140
43159
43165
43169
43171
43173
43210
43213
43214
43215
43219
43222
43223
43229
43230
43233
43234
43235
43237
43238
43239
43241
43242
43244
43246
43247
43248
43257
43258
43261
43262
43263
43265
43266
43267
43268
43269
43270
43271
43272
43274
43275
43276
43278
43279
43280
43282
43283
43284
43285
43287
43290
43291
43292
43293
43295
43296
43297
43298
43299
43300
43302
43303
43304
43305
43306
43307
43309
43310
43311
43318
43319
43320
43322
43323
43324
43325
43326
43328
43329
43330
43331
43332
43333
43334
43335
43336
43337
43338
43342
43343
43345
43346
43348
43349
43350
43351
43352
43353
43354
43355
43356
43360
43361
43362
43363
43365
43366
43367
43368
43369
43370
43372
43373
43374
43375
43377
43384
43385
43386
43387
43388
43389
43390
43391
43394
43395
43396
43405
43407
43408
43410
43417
43418
43419
43420
43421
43424
43425
43427
43428
43429
43430
43431
43432
43435
43436
43437
43439
43440
43441
43442
43443
43446
43448
43449
43451
43453
43456
43465
43466
43469
43470
43471
43473
43474
43475
43476
43477
43478
43479
43480
43481
43482
43483
43484
43485
43486
43487
43488
43489
43491
43492
43493
43494
43495
43496
43497
43498
43499
43500
43501
43502
43503
43504
43506
43507
43508
43509
43513
43514
43515
43516
43520
43522
43523
43525
43528
43531
43532
43533
43535
43536
43539
43541
43543
43544
43545
43546
43547
43548
43549
43550
43551
43552
43553
43554
43555
43556
43557
43558
43559
43560
43561
43562
43563
43564
43565
43566
43567
43569
43570
43571
43572
43573
43574
43575
43576
43580
43581
43582
43584
43588
43591
43596
43600
43601
43603
43604
43605
43606
43607
43608
43611
43615
43622
43625
43632
43636
43644
43649
43654
43658
43660
43664
43665
43675
43683
43687
43689
43690
43693
43695
43696
43698
43699
43702
43703
43706
43708
43709
43710
43711
43712
43715
43720
43721
43723
43727
43733
43740
43742
43744
43747
43748
43750
43752
43753
43765
43767
43768
43772
43774
43775
43776
43777
43778
43779
43782
43783
43784
43785
43786
43787
43788
43790
43791
43792
43793
43794
43795
43796
43797
43799
43800
43802
43803
43804
43809
43814
43815
43816
43819
43820
43824
43825
43826
43832
43833
43834
43835
43836
43837
43838
43839
43840
43841
43842
43843
43844
43845
43846
43847
43848
43849
43850
43851
43852
43853
43854
43855
43858
43860
43861
43864
43866
43869
43873
43874
43875
43878
43880
43882
43884
43885
43888
43889
43891
43892
43893
43894
43895
43896
43897
43898
43899
43900
43901
43902
43903
43904
43905
43906
43907
43908
43909
43910
43911
43912
43913
43914
43915
43916
43917
43918
43920
43921
43922
43925
43937
43938
43940
43941
43942
43944
43945
43947
43949
43951
43955
43957
43958
43961
43962
43963
43966
43968
43969
43970
43972
43973
43974
43978
43980
43981
43982
43987
43988
43989
43990
43991
43992
43993
43995
43998
44000
44009
44010
44011
44012
44013
44014
44015
44016
44019
44022
44024
44028
44029
44031
44032
44033
44034
44035
44037
44038
44040
44042
44043
44044
44045
44046
44048
44049
44050
44052
44053
44054
44056
44057
44058
44059
44060
44061
44062
44063
44064
44065
44066
44067
44068
44069
44070
44071
44072
44073
44074
44075
44077
44080
44081
44083
44084
44085
44086
44087
44088
44089
44091
44092
44093
44097
44107
44111
44116
44117
44120
44121
44125
44127
44129
44131
44132
44136
44138
44140
44141
44142
44144
44146
44148
44151
44152
44154
44155
44157
44158
44160
44161
44163
44164
44165
44166
44167
44169
44170
44175
44178
44179
44180
44181
44182
44183
44184
44185
44186
44189
44190
44191
44192
44193
44194
44195
44196
44197
44198
44199
44200
44202
44203
44204
44205
44206
44208
44216
44218
44219
44220
44223
44224
44226
44227
44229
44231
44232
44233
44239
44240
44243
44244
44245
44246
44247
44248
44249
44250
44251
44253
44255
44256
44258
44259
44261
44263
44264
44267
44268
44269
44272
44273
44275
44276
44282
44284
44286
44287
44290
44291
44294
44295
44298
44302
44303
44304
44305
44306
44307
44308
44312
44314
44315
44316
44318
44319
44320
44321
44322
44323
44325
44326
44328
44330
44334
44343
44345
44346
44347
44351
44352
44353
44354
44356
44359
44360
44362
44365
44366
44367
44368
44372
44373
44374
44376
44377
44381
44382
44383
44385
44386
44387
44388
44389
44391
44397
44398
44399
44400
44401
44403
44404
44405
44406
44407
44408
44414
44416
44419
44426
44427
44434
44435
44436
44437
44438
44439
44440
44441
44442
44444
44445
44446
44447
44448
44456
44459
44460
44461
44462
44464
44465
44466
44467
44468
44470
44472
44476
44477
44479
44485
44486
44487
44503
44504
44505
44507
44509
44512
44518
44519
44520
44522
44523
44524
44525
44526
44527
44528
44529
44532
44533
44534
44536
44537
44540
44541
44542
44543
44544
44545
44546
44549
44550
44551
44552
44559
44560
44561
44562
44564
44565
44567
44568
44569
44571
44572
44576
44579
44580
44581
44583
44584
44586
44591
44592
44593
44594
44595
44597
44598
44599
44600
44601
44602
44604
44605
44606
44607
44608
44609
44611
44612
44613
44614
44615
44616
44617
44618
44619
44624
44628
44629
44630
44631
44632
44633
44634
44635
44636
44638
44639
44640
44641
44642
44643
44644
44645
44646
44647
44648
44649
44650
44651
44652
44655
44658
44660
44661
44663
44665
44666
44668
44669
44670
44671
44672
44673
44674
44675
44676
44678
44681
44683
44687
44688
44689
44690
44691
44692
44693
44695
44696
44697
44698
44699
44700
44701
44702
44703
44704
44705
44707
44708
44709
44710
44711
44712
44719
44720
44721
44722
44723
44724
44725
44727
44728
44730
44731
44732
44735
44736
44737
44738
44745
44746
44748
44751
44755
44758
44761
44763
44769
44772
44774
44775
44777
44780
44782
44783
44784
44785
44786
44787
44788
44789
44790
44793
44796
44799
44801
44807
44809
44812
44814
44815
44817
44820
44821
44822
44824
44825
44827
44829
44830
44831
44832
44834
44835
44836
44839
44840
44841
44842
44843
44844
44845
44846
44847
44848
44849
44850
44851
44852
44853
44854
44855
44856
44857
44858
44859
44860
44861
44862
44863
44864
44866
44867
44869
44870
44871
44872
44873
44874
44875
44876
44877
44878
44879
44880
44881
44882
44883
44884
44885
44886
44888
44890
44891
44892
44893
44895
44896
44897
44898
44899
44900
44901
44902
44903
44904
44905
44912
44914
44915
44916
44917
44918
44919
44920
44921
44922
44923
44924
44925
44926
44927
44928
44929
44931
44932
44933
44934
44935
44937
44938
44939
44940
44941
44943
44945
44946
44947
44948
44955
44961
44964
44966
44971
44972
44973
44974
44979
44980
44981
44982
44983
44984
44985
44986
44987
44988
44989
44990
44991
44992
44993
44994
44995
44996
44997
44998
44999
45000
45002
45003
45004
45005
45006
45007
45008
45010
45011
45012
45014
45015
45016
45017
45018
45019
45021
45022
45027
45028
45029
45030
45031
45032
45033
45034
45035
45036
45037
45038
45039
45040
45041
45042
45043
45044
45045
45046
45047
45048
45049
45050
45051
45052
45053
45054
45055
45056
45057
45058
45059
45060
45061
45062
45064
45065
45066
45067
45070
45071
45072
45073
45074
45075
45077
45078
45079
45081
45082
45083
45084
45085
45086
45087
45088
45089
45090
45091
45092
45093
45094
45095
45097
45098
45102
45103
45104
45105
45106
45107
45108
45109
45110
45112
45113
45114
45115
45116
45117
45118
45119
45120
45121
45124
45126
45127
45128
45129
45131
45132
45133
45134
45135
45136
45137
45138
45140
45143
45144
45145
45146
45148
45152
45159
45161
45164
45166
45169
45170
45171
45172
45174
45177
45179
45180
45181
45182
45183
45185
45187
45190
45191
45192
45193
45197
45198
45199
45200
45201
45203
45205
45206
45207
45208
45212
45213
45214
45215
45216
45217
45218
45219
45220
45221
45223
45225
45226
45229
45230
45231
45232
45234
45237
45238
45239
45240
45241
45246
45248
45249
45250
45251
45252
45253
45254
45255
45257
45259
45262
45266
45270
45271
45273
45275
45276
45280
45281
45282
45284
45285
45287
45288
45289
45290
45291
45292
45293
45294
45295
45296
45297
45298
45299
45300
45301
45302
45303
45304
45305
45306
45307
45309
45310
45311
45312
45313
45315
45316
45317
45318
45319
45321
45323
45325
45326
45327
45328
45329
45331
45332
45333
45334
45335
45336
45337
45338
45339
45341
45342
45343
45345
45346
45347
45348
45349
45350
45351
45352
45353
45354
45355
45356
45357
45358
45359
45360
45361
45362
45363
45364
45365
45366
45367
45368
45370
45372
45373
45374
45375
45378
45380
45381
45382
45383
45385
45386
45387
45389
45391
45392
45393
45395
45396
45397
45398
45399
45401
45402
45403
45404
45405
45406
45407
45408
45409
45410
45411
45412
45413
45414
45415
45416
45417
45418
45419
45420
45421
45422
45423
45424
45426
45427
45429
45431
45432
45433
45435
45436
45437
45440
45441
45442
45443
45444
45445
45446
45447
45449
45450
45451
45452
45453
45454
45455
45456
45457
45458
45466
45476
45477
45478
45485
45487
45488
45489
45492
45496
45498
45499
45500
45504
45507
45508
45510
45511
45512
45518
45520
45521
45522
45523
45524
45525
45526
45527
45528
45529
45530
45531
45532
45533
45534
45538
45539
45540
45541
45543
45544
45545
45546
45547
45550
45554
45556
45558
45560
45561
45563
45564
45569
45570
45571
45572
45573
45574
45575
45576
45577
45578
45579
45583
45584
45585
45586
45587
45589
45590
45591
45592
45593
45594
45595
45596
45600
45602
45604
45606
45607
45608
45609
45610
45613
45614
45615
45617
45618
45622
45624
45627
45628
45629
45630
45631
45632
45633
45635
45639
45644
45646
45647
45648
45649
45650
45651
45652
45653
45654
45655
45656
45657
45658
45659
45660
45661
45662
45663
45664
45665
45666
45667
45668
45669
45670
45671
45672
45676
45677
45680
45681
45683
45686
45689
45690
45695
45697
45698
45699
45700
45701
45702
45703
45704
45706
45710
45712
45713
45714
45715
45716
45717
45718
45720
45721
45723
45725
45726
45727
45730
45732
45733
45734
45735
45736
45737
45738
45739
45740
45741
45742
45744
45746
45747
45748
45749
45750
45751
45754
45755
45756
45757
45760
45762
45764
45766
45769
45772
45774
45775
45776
45777
45778
45780
45782
45783
45785
45786
45787
45789
45791
45792
45793
45794
45795
45796
45798
45799
45800
45801
45802
45803
45804
45805
45806
45808
45809
45810
45811
45812
45813
45815
45816
45817
45818
45819
45820
45821
45822
45823
45824
45825
45826
45827
45828
45829
45831
45832
45833
45834
45835
45836
45837
45838
45839
45840
45841
45842
45845
45846
45847
45848
45849
45850
45851
45852
45854
45855
45856
45857
45858
45859
45861
45862
45863
45864
45865
45867
45868
45869
45871
45874
45876
45877
45878
45879
45880
45882
45883
45884
45885
45886
45887
45888
45889
45890
45891
45892
45893
45894
45895
45896
45897
45898
45899
45900
45901
45902
45903
45904
45905
45906
45907
45908
45910
45911
45913
45914
45915
45916
45917
45918
45920
45921
45922
45923
45924
45925
45926
45927
45928
45929
45930
45931
45932
45933
45934
45935
45936
45937
45938
45940
45941
45942
45943
45944
45945
45947
45948
45949
45950
45951
45952
45953
45954
45955
45956
45957
45958
45959
45960
45961
45962
45963
45964
45965
45966
45967
45968
45969
45970
45972
45974
45975
45976
45977
45979
45980
45981
45982
45983
45984
45985
45987
45988
45989
45990
45991
45992
45994
45995
45996
45997
45998
45999
46000
46001
46002
46003
46004
46007
46008
46009
46010
46011
46012
46014
46015
46016
46017
46018
46019
46020
46021
46022
46023
46024
46026
46027
46028
46029
46031
46032
46033
46034
46035
46036
46037
46038
46039
46040
46041
46042
46043
46044
46045
46046
46047
46048
46049
46050
46051
46052
46053
46054
46055
46056
46057
46058
46059
46060
46062
46063
46064
46065
46066
46068
46069
46070
46071
46073
46074
46076
46077
46078
46079
46081
46083
46084
46085
46086
46087
46088
46089
46090
46091
46094
46097
46100
46101
46102
46103
46104
46105
46106
46108
46110
46111
46118
46131
46133
46172
46175
46179
46182
46183
46184
46190
46192
46194
46195
46202
46207
46211
46214
46216
46219
46222
46223
46224
46228
46230
46231
46233
46236
46238
46240
46244
46247
46255
46260
46262
46267
46274
46276
46278
46281
46282
46283
46284
46286
46288
46289
46291
46293
46294
46296
46297
46300
46301
46302
46303
46307
46308
46310
46311
46312
46314
46315
46318
46319
46321
46322
46324
46326
46327
46329
46332
46334
46336
46339
46340
46342
46345
46346
46347
46348
46351
46352
46353
46354
46356
46357
46360
46369
46370
46371
46374
46376
46380
46384
46386
46388
46390
46391
46395
46396
46398
46401
46403
46405
46408
46411
46414
46420
46424
46425
46426
46428
46430
46431
46432
46433
46434
46435
46438
46444
46447
46448
46449
46451
46453
46455
46459
46460
46461
46462
46463
46465
46467
46468
46469
46470
46471
46472
46473
46474
46475
46476
46480
46483
46484
46485
46486
46489
46490
46491
46493
46495
46496
46497
46499
46500
46501
46502
46503
46504
46506
46507
46509
46511
46513
46514
46515
46517
46518
46519
46520
46521
46523
46524
46525
46530
46534
46536
46544
46545
46549
46550
46551
46556
46557
46558
46559
46561
46562
46563
46564
46565
46566
46567
46568
46570
46571
46572
46573
46574
46575
46576
46577
46578
46579
46582
46584
46585
46586
46590
46593
46595
46598
46600
46601
46607
46610
46611
46612
46613
46614
46615
46617
46619
46620
46621
46622
46623
46624
46625
46626
46627
46628
46629
46630
46631
46632
46633
46634
46635
46638
46640
46642
46647
46649
46655
46657
46658
46659
46662
46663
46664
46665
46666
46667
46668
46669
46671
46672
46673
46675
46677
46678
46679
46680
46681
46685
46688
46689
46690
46691
46692
46693
46694
46699
46701
46704
46705
46712
46713
46714
46715
46717
46718
46719
46720
46722
46726
46727
46729
46731
46733
46736
46738
46739
46748
46750
46754
46755
46758
46759
46760
46761
46762
46763
46764
46765
46766
46767
46768
46770
46772
46773
46774
46775
46776
46778
46779
46780
46781
46782
46783
46786
46787
46788
46789
46790
46791
46792
46793
46794
46795
46796
46798
46799
46801
46804
46806
46807
46808
46809
46811
46812
46813
46815
46816
46819
46820
46821
46822
46823
46824
46827
46828
46829
46830
46831
46833
46834
46835
46836
46839
46840
46841
46842
46843
46844
46845
46846
46847
46848
46849
46850
46851
46852
46853
46854
46855
46856
46857
46859
46860
46861
46862
46864
46865
46866
46867
46868
46869
46870
46871
46872
46873
46874
46875
46876
46877
46880
46881
46882
46883
46884
46885
46886
46887
46888
46889
46890
46891
46893
46894
46895
46896
46897
46898
46899
46900
46901
46902
46903
46904
46907
46910
46912
46913
46914
46915
46917
46918
46919
46922
46924
46925
46928
46929
46933
46935
46936
46937
46938
46939
46940
46942
46943
46944
46945
46946
46948
46952
46956
46957
46959
46960
46961
46962
46964
46965
46966
46967
46969
46972
46973
46974
46975
46976
46977
46978
46979
46980
46981
46982
46986
46987
46989
46990
46991
46992
46993
46994
46995
46996
46997
46999
47000
47001
47002
47003
47004
47006
47007
47008
47009
47010
47011
47013
47014
47015
47016
47017
47018
47019
47020
47021
47023
47024
47026
47027
47029
47030
47031
47032
47034
47037
47038
47040
47041
47042
47043
47044
47045
47046
47047
47048
47049
47050
47051
47052
47053
47054
47055
47056
47057
47058
47059
47062
47063
47066
47067
47068
47069
47070
47071
47072
47073
47074
47075
47076
47077
47078
47079
47080
47082
47083
47084
47085
47086
47087
47088
47090
47091
47092
47094
47095
47096
47097
47098
47099
47100
47101
47102
47103
47104
47105
47106
47107
47108
47112
47113
47114
47115
47116
47118
47119
47121
47123
47124
47125
47126
47127
47128
47129
47130
47131
47132
47133
47135
47137
47138
47139
47140
47141
47142
47143
47144
47145
47146
47147
47148
47149
47150
47151
47152
47153
47154
47155
47156
47157
47158
47159
47160
47161
47162
47163
47165
47166
47167
47168
47169
47172
47173
47174
47175
47176
47177
47178
47179
47180
47182
47183
47184
47185
47186
47187
47188
47189
47192
47193
47194
47195
47197
47198
47199
47200
47201
47202
47203
47204
47205
47206
47207
47208
47210
47211
47212
47213
47214
47215
47216
47217
47218
47219
47220
47221
47222
47223
47224
47225
47227
47228
47229
47230
47231
47232
47234
47235
47238
47239
47240
47241
47242
47243
47244
47245
47246
47247
47248
47249
47251
47252
47253
47254
47255
47256
47257
47258
47259
47260
47261
47263
47264
47265
47266
47270
47271
47272
47273
47274
47275
47276
47277
47279
47280
47281
47282
47283
47284
47285
47287
47288
47289
47290
47291
47292
47295
47297
47304
47306
47307
47308
47309
47310
47311
47314
47315
47316
47319
47321
47323
47324
47325
47326
47327
47329
47330
47333
47334
47335
47336
47339
47340
47341
47342
47343
47344
47345
47346
47347
47349
47350
47354
47355
47356
47357
47359
47360
47362
47363
47364
47365
47366
47367
47370
47372
47373
47374
47375
47377
47378
47379
47380
47382
47383
47386
47387
47388
47389
47390
47392
47394
47396
47398
47399
47404
47405
47407
47408
47409
47410
47414
47415
47416
47417
47418
47419
47421
47423
47425
47427
47428
47430
47431
47433
47434
47438
47442
47445
47449
47450
47451
47452
47453
47454
47455
47456
47457
47459
47463
47464
47466
47467
47468
47469
47470
47471
47472
47473
47474
47475
47476
47477
47478
47480
47481
47483
47484
47485
47486
47487
47488
47489
47490
47491
47492
47493
47494
47495
47497
47498
47500
47502
47503
47504
47505
47508
47509
47510
47515
47516
47517
47519
47520
47521
47523
47524
47534
47537
47539
47544
47550
47553
47555
47557
47559
47571
47579
47581
47582
47588
47589
47591
47593
47596
47598
47599
47600
47611
47612
47616
47618
47619
47626
47628
47630
47632
47633
47634
47637
47639
47641
47644
47647
47648
47652
47654
47656
47658
47661
47663
47665
47666
47667
47670
47671
47672
47673
47674
47678
47679
47680
47683
47684
47685
47686
47687
47688
47690
47697
47698
47700
47701
47702
47703
47705
47706
47709
47711
47713
47719
47720
47722
47723
47732
47743
47749
47750
47751
47753
47755
47768
47770
47773
47775
47776
47777
47780
47781
47782
47783
47784
47785
47786
47788
47789
47790
47791
47792
47794
47795
47796
47797
47801
47802
47803
47804
47805
47808
47809
47810
47811
47815
47816
47817
47818
47819
47820
47822
47825
47826
47827
47829
47830
47831
47832
47833
47834
47835
47838
47839
47846
47847
47848
47851
47854
47856
47857
47858
47860
47861
47862
47864
47865
47866
47880
47881
47882
47884
47886
47887
47888
47889
47890
47891
47892
47893
47894
47895
47896
47897
47899
47900
47901
47902
47904
47905
47921
47923
47924
47925
47927
47928
47929
47930
47932
47933
47936
47938
47939
47941
47944
47947
47948
47950
47952
47953
47954
47955
47956
47957
47958
47959
47960
47961
47962
47966
47967
47968
47970
47971
47972
47973
47974
47975
47976
47977
47982
47983
47984
47985
47989
47990
47992
47993
47994
47995
47996
47998
48003
48004
48005
48011
48013
48014
48015
48016
48017
48018
48019
48020
48027
48030
48031
48032
48033
48034
48037
48039
48041
48043
48044
48045
48047
48048
48049
48050
48051
48053
48055
48056
48057
48058
48060
48071
48072
48073
48075
48076
48080
48082
48083
48084
48087
48089
48091
48092
48093
48096
48100
48101
48102
48104
48105
48106
48107
48108
48109
48110
48111
48113
48114
48116
48117
48120
48123
48124
48125
48126
48127
48129
48133
48134
48135
48136
48140
48141
48142
48143
48144
48148
48150
48152
48153
48156
48160
48161
48162
48166
48168
48169
48171
48172
48173
48176
48178
48179
48181
48184
48191
48192
48198
48200
48201
48205
48206
48207
48210
48211
48215
48225
48226
48228
48229
48230
48231
48232
48233
48234
48235
48236
48237
48238
48239
48240
48241
48242
48243
48244
48245
48246
48247
48248
48249
48250
48261
48263
48264
48265
48266
48267
48268
48269
48270
48271
48272
48273
48274
48275
48276
48277
48278
48282
48283
48284
48285
48286
48289
48290
48291
48292
48293
48295
48296
48298
48299
48300
48301
48302
48303
48304
48305
48306
48307
48308
48309
48310
48311
48313
48314
48315
48316
48318
48319
48320
48321
48323
48325
48326
48327
48330
48332
48333
48335
48337
48338
48339
48340
48341
48342
48343
48345
48346
48347
48348
48349
48350
48351
48352
48353
48354
48355
48356
48357
48358
48359
48360
48363
48364
48365
48366
48367
48369
48370
48371
48372
48373
48374
48375
48376
48377
48378
48381
48382
48383
48385
48386
48388
48389
48391
48392
48395
48399
48401
48402
48403
48404
48406
48407
48409
48410
48411
48412
48413
48415
48416
48417
48418
48419
48420
48421
48422
48424
48425
48426
48427
48428
48430
48431
48432
48433
48434
48435
48436
48441
48442
48443
48444
48446
48447
48448
48450
48451
48452
48455
48456
48458
48459
48460
48461
48462
48463
48464
48465
48466
48467
48468
48469
48470
48471
48472
48473
48474
48476
48480
48481
48484
48486
48487
48488
48489
48490
48491
48492
48493
48495
48497
48498
48499
48500
48501
48503
48504
48505
48506
48508
48509
48510
48512
48515
48516
48517
48518
48519
48521
48522
48524
48526
48527
48528
48529
48530
48531
48533
48534
48535
48536
48537
48538
48539
48541
48542
48543
48544
48548
48551
48552
48556
48558
48562
48565
48568
48569
48571
48572
48573
48575
48576
48577
48579
48583
48587
48588
48589
48590
48592
48593
48594
48596
48598
48600
48602
48603
48604
48605
48606
48607
48608
48609
48610
48611
48612
48614
48619
48620
48621
48622
48628
48632
48633
48635
48637
48639
48640
48643
48644
48645
48646
48647
48648
48649
48650
48652
48653
48654
48655
48656
48657
48658
48662
48665
48666
48668
48675
48676
48677
48678
48680
48681
48683
48684
48685
48687
48688
48689
48690
48693
48694
48695
48696
48697
48698
48699
48700
48701
48702
48703
48704
48705
48712
48715
48717
48718
48722
48723
48724
48725
48726
48727
48728
48735
48736
48737
48738
48740
48741
48743
48744
48747
48755
48757
48759
48760
48762
48763
48765
48770
48771
48774
48775
48779
48785
48789
48790
48792
48793
48794
48795
48799
48800
48803
48811
48815
48821
48822
48824
48827
48831
48832
48835
48836
48838
48840
48842
48848
48854
48855
48856
48860
48862
48864
48866
48868
48869
48870
48871
48872
48873
48875
48876
48877
48878
48882
48883
48885
48886
48887
48888
48890
48893
48895
48897
48898
48899
48900
48903
48904
48905
48906
48907
48908
48909
48910
48911
48912
48914
48915
48916
48918
48919
48921
48922
48924
48925
48928
48930
48931
48933
48934
48935
48936
48937
48939
48941
48942
48945
48947
48948
48951
48952
48954
48955
48957
48964
48967
48972
48980
48987
48990
48992
48993
48994
48996
48997
48999
49000
49001
49003
49004
49006
49008
49009
49010
49011
49014
49015
49016
49017
49018
49019
49020
49021
49023
49024
49025
49027
49028
49029
49030
49035
49037
49040
49042
49048
49053
49055
49058
49060
49063
49064
49065
49067
49068
49070
49071
49072
49075
49078
49079
49081
49082
49083
49084
49085
49086
49088
49089
49091
49092
49093
49095
49096
49097
49099
49100
49102
49103
49104
49105
49106
49107
49108
49110
49113
49115
49116
49117
49118
49119
49120
49121
49122
49123
49124
49125
49126
49127
49128
49129
49130
49131
49133
49134
49136
49138
49141
49142
49143
49146
49147
49148
49149
49150
49153
49155
49156
49158
49159
49160
49166
49168
49169
49170
49171
49176
49178
49179
49180
49181
49182
49189
49190
49193
49194
49196
49198
49200
49201
49202
49203
49204
49205
49206
49207
49208
49209
49212
49213
49215
49217
49218
49219
49220
49221
49222
49223
49224
49225
49226
49227
49228
49229
49231
49232
49236
49237
49238
49239
49240
49241
49242
49243
49244
49245
49248
49249
49251
49255
49256
49257
49258
49259
49260
49261
49266
49268
49278
49279
49282
49284
49285
49286
49287
49288
49289
49290
49291
49292
49293
49294
49298
49316
49335
49337
49338
49340
49341
49342
49343
49344
49345
49346
49347
49348
49350
49352
49353
49354
49356
49357
49358
49359
49360
49361
49363
49365
49367
49368
49370
49371
49373
49374
49375
49376
49377
49380
49381
49382
49383
49385
49386
49387
49390
49391
49392
49394
49395
49396
49397
49398
49400
49403
49404
49405
49406
49407
49408
49410
49411
49413
49417
49420
49421
49422
49424
49425
49426
49427
49428
49429
49430
49433
49434
49435
49437
49439
49440
49441
49443
49444
49445
49446
49447
49448
49449
49451
49452
49453
49456
49457
49461
49462
49464
49465
49466
49477
49478
49479
49482
49483
49484
49485
49489
49490
49492
49495
49496
49497
49498
49499
49500
49502
49503
49506
49507
49508
49509
49510
49511
49519
49520
49521
49527
49528
49529
49530
49531
49532
49533
49534
49537
49538
49545
49546
49548
49550
49551
49552
49553
49555
49558
49560
49561
49562
49563
49564
49565
49566
49571
49574
49576
49577
49581
49585
49586
49588
49589
49590
49591
49592
49593
49594
49595
49596
49597
49598
49599
49600
49601
49602
49603
49604
49605
49606
49607
49613
49614
49616
49618
49619
49620
49621
49622
49623
49624
49625
49626
49628
49629
49630
49631
49637
49638
49639
49640
49641
49642
49644
49645
49646
49647
49649
49652
49655
49657
49659
49660
49661
49662
49663
49664
49665
49666
49667
49668
49669
49670
49671
49672
49673
49674
49675
49676
49677
49678
49679
49680
49681
49682
49683
49685
49686
49687
49689
49690
49691
49692
49695
49706
49707
49708
49709
49710
49713
49715
49720
49721
49728
49729
49732
49733
49734
49735
49737
49738
49739
49741
49742
49751
49752
49754
49755
49756
49757
49758
49759
49760
49763
49764
49767
49768
49769
49773
49774
49775
49776
49777
49778
49779
49784
49785
49787
49788
49790
49791
49792
49793
49794
49795
49796
49797
49799
49800
49801
49803
49804
49809
49813
49816
49817
49818
49819
49820
49821
49824
49827
49829
49830
49831
49832
49833
49835
49836
49837
49838
49839
49840
49841
49842
49843
49845
49846
49847
49848
49849
49850
49851
49852
49853
49854
49855
49856
49857
49858
49859
49860
49861
49862
49863
49865
49868
49869
49870
49884
49885
49897
49898
49899