 編號
5362
6197
6733
5374
5534
5538
5560
5741
5987
6011
6067
6076
6112
6131
6144
6214
6215
6217
6257
6258
6278
6281
6352
6374
6380
6456
6520
6552
6563
6570
6587
6682
6684
6685
6738
6761
6783
6857
6868
6875
6886
6913
6935
6953
6968
6975
6984
7002
7003
7006
7008
7012
7030
7033
5990
6264
6265
6401
6483
6523
5361
5439
5442
5513
5664
5726
5727
5731
5986
5995
6000
6050
6070
6084
6118
6122
6130
6134
6138
6161
6218
6238
6243
6273
6280
6283
6382
6384
6392
6402
6409
6429
6464
6521
6562
6564
6578
6659
6661
6664
6676
6688
6741
6771
6855
6869
6881
6882
6883
6941
6956
6965
6973
6986
7010
6290
5599
5793
5799
5836
5993
6291
6296
6299
6323
6312
6995
5350
5358
5376
5378
5383
5385
5390
5393
5424
5449
5459
5488
5501
5509
5510
5517
5518
5536
5539
5542
5556
5559
5606
5815
5587
5590
5605
5790
5797
5607
5629
5634
5644
5667
5682
5683
5685
5689
5693
5698
5700
5712
5716
5806
6931
5809
5837
5840
5841
5842
5843
5858
5864
5881
5882
5898
5924
5929
5931
5933
5951
5952
5980
5984
5991
5996
6013
6014
6016
6017
6033
6034
6039
6047
6053
6055
6057
6060
6075
6083
6086
6092
6093
6094
6103
6123
6124
6127
6147
6149
6150
6156
6162
6164
6173
6184
6186
6194
6209
6212
6216
6226
6237
6240
6246
6248
6251
6253
6271
6276
6284
6292
6293
6294
6316
6319
6322
6327
6335
6340
6344
6354
6355
6360
6362
6364
6378
6393
6395
6410
6423
6430
6438
6439
6449
6482
6485
6487
6489
6494
6496
6497
6498
6506
6522
6530
6534
6539
6540
6541
6556
6560
6571
6572
6573
6574
6581
6582
6592
6594
6598
6629
6644
6645
6646
6653
6667
6681
6689
6693
6700
6707
6715
6720
6725
6742
6747
6762
6764
6784
6785
6793
6794
5980
6237
6423
6629
6800
6900
6802
6803
6810
6811
6819
6825
6836
6837
6850
6851
6872
6873
6893
6907
6914
6917
6930
6936
6940
6946
6950
6954
6962
6963
6967
6978
6979
6980
6982
6985
6991
6997
7000
7001
7015
7024
7025
7031
7032
5384
5462
5468
5470
5524
5573
5581
5591
5595
5675
5680
5690
5695
5737
5759
5769
5829
5839
5844
5857
5874
5888
5891
5904
5927
5941
5944
5962
5992
6035
6036
6037
6040
6059
6061
6062
6085
6089
6114
6157
6158
6165
6171
6180
6185
6190
6224
6259
6328
6399
6441
6472
6492
6532
6545
6548
6559
6568
6569
6584
6595
6674
6713
6714
6737
6757
6838
6841
6848
6878
6885
6888
6894
6916
6949
6951
6990
7011
7016
7023
7027
5397
5438
5451
5460
5464
5476
5598
5873
6001
6196
6373
6966
6996
5372
5396
5417
5463
5469
5472
5730
5863
5960
6052
6054
6074
6102
6106
6132
6143
6145
6148
6221
6225
6254
6256
6260
6261
6270
6338
6398
6407
6428
6448
6542
6549
6561
6565
6577
6585
6589
6652
6657
6663
6672
6678
6683
6686
6687
6699
6701
6704
6743
6754
6759
6782
6798
6856
6866
6874
6877
6884
6918
6947
6971
6981
6998
7004
7014
7018
7019
7028
7029
5434
6049