編號
64305
64307
64313
64317
64325
64339
64345
64351
64353
64358
64359
64363
64364
64368
64373
64375
64379
64380
64383
64384
64385
64386
64389
64390
64391
64393
64398
64399
64400
64403
64404
64410
64411
64413
64418
64420
64421
64424
64425
64428
64432
64433
64442
64445
64446
64447
64448
64449
64455
64457
64458
64461
64462
64463
64464
64467
64468
64469
64471
64478
64485
64486
64487
64489
64490
64491
64495
64496
64498
64504
64505
64506
64508
64510
64511
64514
64515
64516
64517
64518
64520
64521
64522
64523
64525
64528
64529
64531
64537
64538
64541
64563
64564
64567
64570
64572
64573
64574
64578
64579
64580
64582
64585
64588
64589
64590
64593
64594
64595
64596
64598
64599
64600
64601
64602
64603
64604
64605
64606
64610
64612
64616
64617
64619
64620
64621
64622
64623
64624
64625
64626
64629
64630
64632
64633
64635
64636
64637
64638
64639
64640
64641
64645
64646
64647
64648
64650
64654
64655
64657
64662
64663
64668
64669
64671
64674
64675
64678
64680
64681
64682
64683
64684
64696
64700
64701
64702
64703
64706
64707
64711
64714
64715
64716
64717
64718
64719
64720
64721
64722
64725
64726
64727
64732
64737
64738
64739
64740
64741
64744
64745
64747
64749
64750
64751
64752
64753
64754
64755
64756
64757
64758
64759
64760
64762
64763
64764
64768
64769
64771
64774
64775
64776
64786
64790
64799
64800
64801
64804
64807
64809
64812
64815
64816
64817
64818
64819
64820
64821
64822
64824
64825
64828
64830
64831
64832
64833
64835
64838
64840
64841
64842
64843
64844
