編號
57595
57656
57706
57708
57828
57831
57854
57881
57887
57902
57909
57924
57931
57932
57962
58010
58080
58084
58088
58149
58152
58172
58209
58301
58310
58376
58380
58399
58405
58431
58433
58485
58495
58549
58579
58655
58669
58713
58824
58851
58861
58940
59021
59125
59191
59203
59302
59337
59362
59363
59381
59407
59434
59460
59468
59560
59607
59653
59670
59745
59756
59793
59812
59834
59902
59928
59929
60012
60072
60153
60244
60295
60327
60393
60415
57603
57666
57667
57782
58289
59059
57603
57666
57667
57782
58289
59059

60415
