編號
15741
16126
17331
17455
17755
17756
17949
18677
18902
19292
19664
19674
19700
19803
19985
20009
20192
20590
20678
20861
21082
21085
21224
21294
21603
21965
22224
22232
22308
22379
22417
22558
22616
22664
22803
22974
23295
23715
23843
24086
24126
24320
24322
24348
24764
24767
24869
24872
25225
17291
15687
24347
19045
15766
15798
15829
16043
16165
16174
16179
16182
16215
16226
16228
16354
16350
16399
16501
16469
16544
16580
16672
16688
16694
16696
16848
16865
16880
17074
17148
17219
17284
17301
17324
17327
17472
17475
17480
17538
17565
17570
17577
17585
17599
17607
17657
17658
17686
17689
17708
17712
17802
17816
17832
17866
17873
17973
18007
18035
18064
18066
18069
18073
18084
18107
18205
18814
18227
18237
18255
18297
18314
18315
18316
18311
18359
18431
18455
18456
18552
18563
18580
18599
18604
18634
18733
18763
18768
18776
18798
18825
18868
18877
18887
18949
18956
18980
18984
19076
19080
19085
19111
19141
19164
19194
19232
19235
19243
19247
19255
19266
19271
19279
19295
19325
19330
19334
19403
19420
19424
19453
19484
19489
19586
19617
19618
19625
19626
19659
19660
19666
19682
19683
19691
19694
19713
19745
19925
19936
20056
20057
20066
20159
20177
20201
20305
20379
20388
20520
20531
20713
20794
20901
20908
21002
21147
21155
21158
21175
21178
21203
21205
21215
21220
21231
21240
21246
21399
21419
21467
21483
21516
21519
21543
21586
21629
21679
21724
21735
21740
21742
21847
21861
21877
21900
21908
21911
22027
22055
22069
22073
22076
22081
22082
22109
22141
22158
22246
22262
22268
22316
22320
22365
22383
22415
22421
22435
22484
22485
22492
22704
22758
22849
22965
23284
23287
23357
23358
23369
23457
23471
23516
23527
23528
23581
23655
23790
23792
23805
23838
23876
23907
24047
24094
24102
24246
24261
24286
24291
24300
24365
24381
24571
24642
24645
24647
24658
24690
24762
24835
24859
24986
25140
25247
25240
25391
25428
25435
25555
25614
25625
19656
19858
20032
15740
15945
19175
19261
19672
19673
19703
20441
21490
21682
22045
22062
22064
22236
22363
22397
22462
22568
23186
23515
23570
23717
24127
24282
24763
24909
24969
25009
25014
25052
25597
15700
16167
16199
16243
17002
17357
17771
18162
18258
18872
18971
19190
19281
19509
19647
20258
20296
20464
20466
20471
20508
20803
20859
20876
20981
21008
21035
21206
21323
21324
21356
21627
21628
21631
21659
21744
21769
21889
21898
21920
21955
22063
22065
22093
22180
22201
22327
22342
22370
22389
22477
22511
22516
22864
22987
23019
23109
23416
23427
23745
25534
25591
23826
23764
23815
23859
23868
23912
23942
24255
24283
24507
24672
25117
25153
25181
25208
25281
25307
25455
25458
25512
19777
22715
24663
15598
