編號
37
54
81
113
133
134
177
186
193
232
240
244
256
277
278
293
295
296
297
298
299
301
302
306
307
308
314
315
317
318
319
320
321
322
323
324
325
326
327
328
329
330
331
333
334
335
336
337
338
339
341
342
343
344
345
346
347
348
349
350
351
352
353
354
355
356
357
358
359
361
362
363
365
366
367
368
369
370
371
372
373
374
375
376
377
378
380
381
382
383
384
385
386
388
389
390
391
392
395
396
398
399
400
401
403
404
405
406
407
409
411
412
413
414
415
416
417
418
420
421
422
423
424
425
426
427
428
429
430
431
432
433
434
435
436
437
438
440
442
444
447
448
451
454
455
457
458
459
460
461
462
463
472
473
476
479
498
500
504
530
531
542
564
613
621
632
643
646
650
662
664
670
678
679
718
720
729
736
738
744
747
754
756
