編號
9647
9667
9680
9684
9686
9747
9761
9765
9776
9814
9839
9844
9847
9852
9872
9940
9968
9972
9985
9987
9998
10001
10008
10024
10040
10042
10047
10051
10052
10053
10086
10109
10130
10133
10142
10183
10185
10197
10205
10206
10236
10237
10269
10330
10340
10373
10390
10394
10400
10421
10425
10430
10495
10511
10521
10522
10524
10525
10526
10527
10528
10529
10538
10624
10627
10630
10639
10641
10645
10646
10647
10648
10670
10717
10719
10720
10744
10753
10764
10769
10816
10820
10871
10882
10886
10887
10891
10895
10918
10990
11006
11009
11013
11014
11034
11035
11036
11037
11038
11062
11081
11091
11097
11118
11121
11122
11125
11126
11128
11130
11136
11160
11165
11169
11171
11202
11225
11226
11239
11240
11250
11251
11260
11279
11316
11318
11326
11346
11347
11357
11369
11372
11375
11379
11409
11412
11428
11438
11450
11459
11464
11466
11467
11480
11488
11489
11491
11492
11494
11520
11529
11534
11541
11545
11546
11556
11557
11561
11562
11563
11568
11570
11572
11601
11602
11604
11605
11634
11636
11667
11669
11670
11672
11707
11718
11722
11725
11730
11731
11733
11734
11736
11738
11740
11758
11764
11765
11768
11788
11792
11801
11804
11807
11817
11824
11850
11854
11858
11863
11866
11868
11871
11879
11880
11900
11902
11920
11932
11933
11935
11939
11944
11953
11958
11960
11961
11964
11965
11966
11968
11981
11996
12007
12033
12034
12055
12109
12110
12112
12114
12126
12165
12182
12236
12244
12246
12254
12260
12264
12265
12270
12287
12288
12289
12291
12293
12296
12302
12303
12324
12326
12328
12329
12335
12336
12340
12346
12348
12388
12405
12413
12443
12450
12462
12464
12467
12468
12469
12470
12477
12484
12489
12498
12505
12568
12593
12602
12606
12609
12611
12612
12613
12617
12628
12640
12655
12657
12658
12659
12669
12687
12692
12694
12695
12717
12720
12724
12734
12735
12737
12738
12747
12754
12756
12768
12771
12772
12775
12777
12784
12790
12818
12826
12863
12865
12873
12886
12889
12913
12917
12920
12926
12928
12929
12933
12935
12936
12940
12959
12961
12964
12965
12974
12976
12978
13012
13018
13073
13086
13089
13093
13096
13104
13110
13143
13160
13184
13185
13194
13196
13199
13200
13232
13233
13235
13243
13256
13268
13270
13274
13277
13278
13299
13308
13328
13332
13336
13339
13354
13356
13361
13376
13378
13394
13395
13434
13437
13438
13439
13444
13445
