編號
39758
39831
39902
39917
40047
40062
40119
40171
40285
40303
40325
40361
40379
40380
40434
40493
40520
40541
40559
40574
40668
40682
40719
40720
40739
40748
40754
40775
40795
40802
40840
40912
40918
40955
40981
41009
41023
41046
41083
41088
41111
41140
41171
41180
41198
41243
41252
41253
41308
41325
41364
41378
41451
41452
41469
41474
41475
41476
41502
41516
41527
41537
41544
41553
41589
41592
41608
41617
41632
41634
41654
41661
41666
41667
41669
41671
41678
41694
41708
41722
41741
41742
41744
41748
41755
41760
41776
41789
41811
41815
41839
41845
41869
41880
41926
41930
41935
41948
41951
41952
41966
41971
41976
41988
41995
42000
42003
42011
42013
42015
42018
42023
42032
42040
42043
42044
42047
42048
42050
42054
42075
42080
42082
42085
42086
42087
42089
42090
42093
42099
42101
42102
42120
42125
42138
42141
42147
42148
42149
42152
42154
42156
42158
42160
42161
42165
42169
42172
42176
42185
42191
42192
42193
42194
42196
42198
42199
42200
42203
42204
42205
42208
42214
42215
42216
42217
42239
42344
42395
42405
42421
42436
42439
42466
42474
42478
42490
42518
42538
42539
42545
42548
42555
42557
42582
42583
42588
42589
42590
42594
42595
42604
42607
42609
42610
42614
42615
42631
42636
42637
42652
42661
42685
42689
42691
42695
42703
42704
42705
42706
42707
42715
42719
42727
42731
42732
42733
42737
42741
42746
42749
42763
42776
42790
42796
42799
42815
42823
42824
42825
42832
42838
40759
41329
42613
42653
42619
41144
41689
39514
39515
39516
42038
42536
41481
42740
39521
42479
39958
41233
39525
41106
39527
41326
40286
41863
40269
39534
41089
41528
40894
42779
41362
41373
42692
42136
39942
41670
42770
39547
42477
42730
39886
39551
39890
41838
42146
41899
39556
41740
42408
40829
41479
41079
40791
41870
39564
41376
41809
41812
42686
39570
39571
42660
39722
39574
42398
40276
39577
40679
42420
42650
39581
41743
41597
40558
40554
39587
42381
41604
42575
39591
39592
39593
42276
40772
41208
40953
39598
42794
41878
40908
40216
40755
40029
42109
40343
41585
41084
40049
41854
41509
41402
42184
40081
40948
41738
41012
40539
42030
42666
39641
39647
39648
39652
40104
39659
40549
39661
42593
41969
42694
39694
39666
40721
42774
39563
40771
41830
42784
42005
41981
41432
39678
39684
39685
39686
39687
39692
39693
39695
39696
39697
39698
39700
39701
39707
41514
41078
42777
42403
41249
40302
40725
41166
40051
42573
41122
41686
41685
42680
42188
42424
42714
39726
42486
39728
39729
39731
39732
40056
39734
42648
41932
42065
40295
40938
40039
42124
41562
40680
40226
41923
40634
42571
39748
41852
39750
39751
42234
39754
39755
39756
39757
39759
42690
41197
41074
39771
39773
42623
41561
41731
40811
41629
41754
40722
39782
41603
40704
39785
40052
39787
39788
39789
41972
39791
41751
42186
39794
41447
39796
41997
41999
42516
42608
42410
42565
42346
42428
42414
40086
41480
39824
39825
39826
39829
39830
39833
39834
39837
39840
39841
39844
39845
39850
42159
40538
42801
42581
41015
42306
41024
41332
41673
42786
42826
42643
41684
39872
41187
41164
40940
39876
41954
40756
40134
40577
40816
40592
42242
40261
42563
42246
40437
39594
41219
42672
42173
41381
42335
39896
42261
41593
42645
41020
39908
40467
39913
41339
41907
41641
39919
42286
42393
40777
42747
40797
41433
41882
40977
40741
40404
40213
40243
42482
41231
41196
42496
39691
40727
41774
40239
42762
42723
42517
41990
41165
40427
41710
42153
41377
40225
41238
41507
41594
42739
42743
41650
40866
40676
41058
40228
42708
42406
41784
42592
42568
40658
42201
40350
40057
40146
40956
42807
41477
41099
41696
42195
40471
41401
41944
42822
40176
41328
41367
41468
42514
41368
41472
40765
40708
42605
41758
41586
41396
41446
41759
41576
39681
42249
42720
42434
41055
42447
41749
41745
42551
41390
42226
41054
40654
41834
40453
41682
40987
41542
42049
40433
42584
41053
42280
41090
41653
41505
40565
40711
41519
41372
41596
42036
42782
41773
41588
40861
40387
39922
40167
40374
39653
41534
41725
42071
42132
42383
42632
41526
42616
41494
41660
41992
42493
41470
41726
40995
40994
41503
41170
41797
42816
41359
42105
40027
41756
41826
40869
41221
40817
42483
39938
39969
42396
42180
40753
40041
41656
41638
42837
42137
39970
41535
41022
42155
40651
41521
41485
39740
40572
42521
42682
40300
41994
41633
40662
41215
41162
41218
42640
42480
42369
42397
40391
39967
40452
41163
42454
42391
41649
41631
41056
39816
42019
41321
40937
41875
40847
40655
42798
42744
41989
42059
41298
40227
42513
41545
41361
42781
40537
40257
41137
41565
40222
41764
42655
41583
41698
40790
42241
42298
41102
42627
41730
41746
42757
42277
41193
41093
42110
42813
42006
40944
41706
41552
42709
42097
41525
41965
41955
42657
41025
42673
40376
41739
40063
40284
42697
41134
40570
41496
41005
42448
41379
41488
41016
40687
42240
40157
42457
42458
40990
39959
40808
41161
41618
42259
41702
40688
41216
41767
41581
40107
40597
41607
40891
40440
39590
42783
41156
42665
40639
40397
41248
41928
39689
42121
42662
42270
41217
41358
42308
42426
42236
39941
41168
42268
42612
41194
41699
41933
41937
39828
39832
42078
40141
41513
42525
40472
42263
42442
42635
41695
41139
42402
41679
42007
42002
42620
42088
42629
40124
41131
40890
41996
40469
41536
40032
42752
40849
42560
41418
42531
40650
40045
42530
42566
42755
41425
42533
42079
42115
42190
40040
42077
40985
41001
40609
42833
40043
40220
42792
40764
39617
40400
42187
41515
41434
40970
40388
41688
40865
40684
41370
41369
42342
42272
42264
42828
41399
40660
41107
42764
42778
41736
42384
41931
42143
42345
42068
41668
42717
41982
40473
40815
39711
41351
40936
41568
41775
41440
41302
41057
42111
40297
42793
40767
40674
42069
42045
42422
42785
42042
40103
41723
40279
40692
41424
40065
42022
42522
42017
42699
39971
42562
40779
41000
40544
42766
40863
41049
42808
41872
42081
42411
41591
40326
40189
41590
42651
42244
42140
40792
41318
42440
41683
41042
41551
41602
41651
41658
41662
41763
41782
41783
42034
42052
42067
42070
42073
42106
42107
42130
42606
42621
42626
42633
42634
42639
42647
42649
42659
42663
42664
42670
42671
42729
42734
42742
42751
42780
42802
42830
42831
40321
41450
41901
40774
40037
40897
42507
41980
40798
42314
40853
42526
41002
42546
42559
42509
42580
42519
42585
42552
42553
42534
42423
42688
41340
42021
40638
40805
40735
40401
41887
39933
41680
40038
40776
40773
41584
42039
40543
42399
40850
41615
41453
41569
41175
40004
42572
40852
42014
41546
41279
41448
42266
41983
41818
40555
40494
41715
42687
42103
42228
42675
41466
42803
42804
41735
42437
42674
41169
40466
41181
42721
40475
40607
39986
40266
40723
40314
40915
39987
39978
39943
39976
39977
39979
39988
40105
40315
40327
40448
41236
41762
42238
42041
40851
39975
41366
40053
42431
41371
42624
42456
41921
42417
40021
40595
41202
40794
40050
41864
41985
40512
41973
41897
41991
39797
42279
41220
40606
42628
41616
41635
42481
40121
40230
41936
42181
41750
42726
41672
42438
41011
41051
41410
39798
41595
41563
41094
41142
41874
41835
40511
40234
39918
41191
40737
42202
42142
41752
40525
41733
41031
40649
42166
42834
42638
41342
42427
40683
40436
42326
41173
42037
42302
42273
39549
39990
41805
39983
40689
40035
40818
40252
42773
42429
41665
42265
41719
42058
41237
41160
40652
41636
41655
42008
41640
40605
40653
41098
42591
40470
41785
40370
41956
42724
42716
42425
42587
40506
40381
42511
42230
41331
41226
41229
39519
41497
40608
40910
41659
40528
41829
41330
41400
40231
41112
42558
42821
42788
40945
42505
40209
42570
41606
41138
42611
41929
39683
41486
41648
39676
42376
39533
41506
41380
41428
39994
41549
41825
40548
40545
40308
40586
42028
41482
41737
40058
42400
42327
42465
42463
42464
41753
41520
40736
41978
40978
41188
40983
40904
41473
41579
41941
40564
39871
40072
40819
40598
41136
41059
40468
42233
42618
40844
40510
39553
42554
41300
41232
41721
41800
39679
41108
41524
41993
41116
42123
40740
40229
41690
40474
40250
42820
40516
42750
41522
41772













