編號
65876
65882
65890
65906
65913
65972
65973
65977
65980
65982
65985
66004
66005
66057
66094
66129
66143
66152
66160
66166
66188
66190
66214
66215
66238
66246
66266
66269
66279
66299
66301
66302
66304
66307
66309
66313
66314
66316
66323
66339
66341
66342
66343
66345
66348
66380
66381
66385
66395
66404
66405
66406
66407
66408
66410
66411
66417
66433
66466
66472
66473
66485
66490
66501
66513
66518
66522
66523
66524
66528
66532
66534
66535
66536
66537
66538
66539
66540
66541
66542
66550
66558
66575
66580
66596
66601
66608
66610
66611
66617
66619
66624
66626
66627
66644
66661
66670
66671
66672
66673
66674
66677
66686
66691
66692
66694
66695
66703
66707
66708
66717
66718
66719
66720
66721
66723
66730
66732
66734
66735
66738
66740
66742
66743
66744
66745
66748
66749
66750
66752
66754
66755
66759
66761
66762
66764
66765
66767
66768
66770
66771
66778
66780
66782
66786
66787
66788
66811
66835
66836
66837
66840
66842
66848
66849
66851
66852
66856
66857
66858
66859
66861
66862
66869
66871
66872
66907
66924
66932
66983
67009
67017
67022
67042
67048
67049
67051
67053
67056
67057
67058
67060
67072
67074
67076
67078
67080
67085
67088
67090
67092
67094
67095
67096
67102
67104
67106
67107
67108
67110
67114
67116
67117
67118
67119
67120
67121
67122
67123
67124
67125
67126
67131
67132
67134
67135
67138
67141
67148
67149
67150
67151
67152
67153
67154
67156
67157
67158
67159
67160
67161
67162
67169
67171
67210
67243
67263
67264
67265
67266
67269
67273
67284
67287
67318
67321
67324
67329
67336
67347
67360
67371
67378
67380
67381
67392
67393
67395
67406
67407
67408
67410
67411
67413
67415
67427
67428
67429
67431
67435
67436
67445
67446
67447
67448
67451
67452
67454
67455
67456
67457
67458
67459
67460
67463
67468
67505
67513
67525
67530
67537
67538
67541
67544
67548
67554
67558
67562
67569
67571
67572
67573
67577
67578
67582
67586
67588
67595
67598
67599
67602
67603
67605
67606
67607
67609
67617
67618
67621
67622
67624
67626
67634
67635
67637
67638
67641
67642
67643
67644
67645
67646
67647
67648
67649
67650
67651
67653
67654
67655
67656
67659
67660
67661
67662
67663
67664
67665
67666
67667
67668
67669
67670
67671
67674
67675
67676
67677
67679
67680
67681
67682
67683
67684
67685
67686
67687
67688
67689
67690
67691
67692
67693
67694
67696