編號
25632
25692
25702
25706
25741
25788
25803
25873
25884
25889
25927
25939
25983
25990
26105
26108
26128
26142
26274
26351
26448
26471
26474
26491
26570
26633
26634
26666
26675
26677
26713
26714
26729
26778
26798
26808
26812
26824
26874
26889
26890
26891
26908
26937
26959
26969
26977
26979
26982
26983
26984
26985
26998
27035
27110
27130
27333
27346
27428
27511
27562
27571
27584
27585
27610
27612
27640
27661
27664
27668
27698
27702
27731
27790
27793
27888
27929
27948
27973
27975
27981
27990
27991
27993
27994
28000
28038
28046
28048
28053
28054
28153
28179
28240
28241
28251
28291
28292
28407
28432
28447
28468
28473
28524
28534
28560
28571
28584
28592
28596
28610
28628
28635
28708
28730
28791
28820
28831
28832
28889
28891
28943
28973
28981
29037
29039
29041
29157
29182
29222
29224
29232
29235
29240
29249
29298
29314
29327
29341
29357
29377
29388
29401
29402
29407
29473
29482
29507
29511
29551
29646
29666
29668
29689
29690
29711
29719
29737
29786
29795
29801
29807
29816
29823
29854
29864
29868
29951
29956
29965
29977
29982
29983
29984
30040
30072
30224
30251
30252
30253
30254
30259
30267
30305
30310
30323
30324
30326
30330
30334
30340
30399
30428
30458
30480
30485
30509
30592
30630
30645
30658
30669
30701
30710
30753
30775
30861
30876
30879
30884
30886
30887
30939
30990
31004
31038
31039
31046
31084
31103
31126
31137
31146
31169
31205
31214
31220
31221
31226
31307
31317
31330
31338
31348
31350
31351
31359
31363
31368
31407
31408
31415
31424
31441
31443
31450
31451
31454
31455
31456
31463
31467
31486
31503
31513
31521
31522
31525
31526
31538
31540
31542
31550
31574
31579
31584
31586
31620
31625
31627
31628
31649
31651
31672
31678
31681
31682
31683
31689
31705
31733
31743
31751
31759
31760
31766
31781
31800
31842
31843
31845
31848
31849
31852
31853
31854
31855
31858
31859
31881
31883
31889
31913
31928
31939
31944
31945
31946
31949
31950
31956
31958
31960
31962
31965
31972
31975
31979
32010
32032
32035
32036
32044
32058
32106
32113
32165
32169
32195
32201
32224
32257
32265
32275
32315
32330
32340
32342
32349
32359
32379
32432
32440
32454
32469
32472
32479
32480
32487
32490
32492
32496
32531
32551
32601
32622
32623
32625
32636
32643
32666
32667
32674
32675
32678
32679
32680
32681
32684
32687
32690
32702
32703
32704
32706
32707
32708
32710
32722
32732
32735
32736
32746
32749
32750
32761
32762
32763
32774
32776
32777
32783
32787
32795
32812
32814
32825
32836
32837
32860
32862
32866
32883
32884
32885
32887
32893
32894
32901
32906
32907
32909
32919
32922
32926
32955
32983
32987
33003
33014
33033
33038
33120
33145
33160
33169
33176
33186
33187
33190
33192
33194
33197
33204
33214
33224
33228
33240
33242
33247
33255
33256
33277
33289
33304
33384
33420
33421
33424
33425
33461
33504
33508
33509
33541
33595
33596
33623
33630
33640
33646
33650
33651
33657
33704
33707
33714
33715
33716
33729
33747
33753
33806
33810
33816
33825
33828
33829
33832
33862
33864
33889
33901
33908
33915
33919
33921
33926
33931
33954
33955
33957
33974
33984
34002
34061
34076
34080
34081
34082
34084
34085
34091
34099
34107
34111
34132
34138
34145
34153
25787
26093
26206
26659
26696
26779
26823
27043
27493
27565
27600
27643
27666
27756
27814
27855
27987
28281
28284
28375
28387
28411
28423
28485
28522
28802
28908
28971
29057
29066
29320
29385
29546
29554
29619
29708
29950
30002
30068
30142
30145
30162
30198
30261
30313
30328
30351
30587
30603
30695
30696
30846
30848
31018
31068
31159
31709
31755
31783
31798
31844
31938
31957
31959
32143
32329
32370
32431
32473
32627
32677
32714
32715
32778
32888
33054
33103
33212
33227
33348
33639
33672
33717
33756
33768
33824
33892
33969
34028
34037
34064




































































































































































































































































































































































































































































































































































































































































































































































































































































































































































































































































































































































































































































