編號
62538
62543
62553
62561
62564
62566
62569
62570
62577
62578
62579
62582
62588
62590
62591
62592
62595
62597
62600
62603
62604
62606
62610
62612
62618
62620
62626
62627
62629
62630
62631
62641
62647
62653
62654
62660
62671
62673
62674
62685
62689
62696
62707
62708
62713
62719
62724
62725
62727
62732
62734
62754
62755
62756
62758
62775
62776
62779
62784
62785
62789
62792
62793
62794
62796
62797
62798
62799
62801
62802
62804
62805
62806
62809
62810
62814
62815
62817
62818
62819
62824
62826
62829
62832
62835
62863
62865
62889
62900
62902
62903
62904
62907
62912
62913
62914
62915
62917
62918
62920
62926
62929
62937
62939
62951
62952
62966
62967
62969
62976
62979
62985
62993
62998
63000
63001
63005
63009
63010
63014
63015
63022
63023
63024
63037
63038
63041
63042
63046
63047
63048
63049
63058
63061
63062
63069
63070
63072
63074
63084
63085
63087
63089
63106
63107
63116
63121
63135
63145
63146
63148
63149
63150
63156
63159
63160
63162
63167
63170
63171
63172
63175
63178
63180
63209
63215
63218
63228
63241
63246
63247
63250
63251
63263
63266
63267
63272
63277
63289
63290
63305
63315
63317
63323
63367
63378
63379
63386
63400
63404
63406
63412
63413
63421
63428
63470
63471
63477
63484
63490
63523
63527
63535
63536
63538
63539
63547
63548
63553
63560
63564
63568
63571
63575
63582
63588
63592
63600
63601
63613
63615
63620
63621
63622
63623
63625
63628
63630
63631
63634
63637
63638
63639
63645
63646
63649
63650
63659
63666
63670
63672
63676
63689
63690
63694
63706
63712
63713
63717
63723
63724
63726
63732
63748
63749
63759
63764
63816
63834
63839
63842
63844
63845
63846
63851
63852
63858
63862
63869
63882
63884
63886
63894
63901
63907
63909
63926
63941
63955
63963
63964
63966
63967
63968
63973
63977
63979
63996
64000
64013
64015
64016
64019
64038
64039
64042
64044
64050
64059
64064
64067
64068
64069
64071
64075
64076
64077
64078
64082
64088
64091
64092
64093
64097
64100
64105
64107
64109
64113
64118
64119
64136
64141
64144
64146
64147
64151
64154
64155
64167
64168
64169
64172
64176
64177
64178
64179
64181
64182
64183
64185
64187
64192
64194
64195
64196
64197
64198
64201
64202
64204
64210
64211
64213
64220
64225
64229
64243
64247
64252
64253
64256
64257
64258
64264
64265
64271
64272
64276
64279
64280
64282
64284
64288
64290
62544
62546
62664
62740
62874
62881
63032
63192
63291
63487
63497
63799
64017
64286
62562
62681
62686
62728
62762
62778
62808
62884
62888
62930
62999
63029
63031
63064
63099
63102
63131
63151
63163
63182
63224
63389
63565
63572
63605
63655
63679
63698
63705
63731
63824
63833
63859
63881
63887
63888
63890
63893
63899
63910
63931
63965
63969
64003
64018
64040
64041
64047
64057
64084
64104
64112
64137
64184
64203
64215
64218
64270
