編號
2188
2190
2201
2208
2211
2321
2359
2408
2431
2442
2468
2572
2591
2600
2608
2700
2730
2765
2805
2824
2843
2847
2848
2866
2881
2884
2885
2889
2891
2898
2965
2970
2972
2974
2975
2976
2977
2978
2985
2989
2997
2999
3008
3009
3011
3013
3021
3025
3032
3033
3034
3035
3036
3048
3049
3061
3062
3063
3069
3077
3078
3087
3088
3089
3090
3091
3098
3099
3105
3106
3107
3108
3109
3110
3112
3125
3178
3193
3204
3233
3272
3280
3284
3288
3299
3351
3372
3416
3420
3566
3574
3575
3576
3577
3578
3581
3583
3585
3588
3589
3596
3599
3600
3601
3603
3604
3609
3612
3616
3617
3618
3619
3621
3623
3624
3625
3626
3628
3629
3630
3631
3638
3639
3640
3641
3646
3647
3648
3649
3650
3651
3653
3654
3655
3656
3659
3660
3661
3665
3666
3676
3680
3692
3695
3696
3698
3701
3709
3710
3711
3712
3714
3717
3719
3723
3728
3731
3732
3733
3734
3735
3736
3737
3771
3779
3864
3865
3866
3867
3871
3874
3877
3878
3884
3885
3887
3894
3895
3896
3898
3899
3900
3904
3906
3909
3910
3911
3912
3913
3914
3915
3918
3919
3920
3921
3922
3923
3924
3926
3927
3928
3929
4009
4011
4030
4051
4059
4083
4093
4098
4138
4185
4198
4216
4251
4252
4253
4275
4276
4279
4289
4290
4293
4301
4334
4335
4337
4338
4351
4383
4386
4406
4407
4408
4409
4410
4412
4413
4417
4421
4422
4424
4425
4436
4437
4438
4439
4440
4446
4447
4448
4450
4456
4457
4458
4459
4460
4464
4465
4478
4479
4480
4495
4502
4507
4508
4511
4524
4552
4586
4590
4644
4671
4679
4682
4714
4746
4767
4777
4795
4826
4846
4894
4906
4923
4924
4925
4926
4932
4934
4935
4936
4942
4943
4944
4947
4948
4951
4954
4955
4956
4958
4964
4965
4967
4968
4971
4973
4974
4975
4977
4979
4983
4986
4990
4991
4993
4994
5037
5045
5103
5128
5140
5147
5165
5174
5196
5199
5203
5224
5226
5238
5241
5242
5244
5246
5249
5250
5259
5260
5270
5280
5281
5282
5283
5284
5295
5297
5298
5299
5302
5303
5304
5305
5306
5307
5308
5309
5312
5314
5315
5318
5319
5320
5323
5327
5329
5332
5333
5334
5335
5336
