編號
34174
34177
34222
34226
34278
34319
34336
34392
34405
34427
34439
34451
34476
34484
34507
34543
34549
34557
34558
34572
34612
34620
34622
34641
34683
34713
34719
34760
34775
34794
34817
34847
34868
34879
34889
34922
34943
34944
34955
34958
35022
35027
35029
35043
35054
35057
35059
35061
35069
35073
35086
35101
35153
35243
35273
35395
35442
35449
35458
35473
35483
35508
35524
35542
35574
35617
35635
35680
35688
35717
35742
35746
35747
35749
35759
35826
35827
35864
35869
35878
35886
35888
35932
35969
35974
35977
35989
36045
36082
36108
36135
36140
36142
36143
36157
36171
36174
36179
36206
36207
36213
36215
36235
36242
36244
36259
36262
36279
36281
36282
36286
36331
36372
36374
36375
36376
36393
36397
36450
36453
36480
36485
36518
36526
36567
36568
36571
36572
36586
36594
36609
36611
36618
36625
36629
36634
36635
36641
36656
36678
36688
36707
36714
36715
36718
36731
36780
36783
36786
36789
36795
36796
36840
36895
36952
36960
36999
37049
37070
37099
37154
37176
37206
37222
37238
37302
37323
37378
37409
37410
37412
37426
37454
37456
37457
37491
37493
37499
37511
37549
37550
37562
37573
37610
37618
37619
37630
37632
37638
37645
37658
37674
37704
37709
37715
37716
37719
37741
37750
37767
37812
37834
37840
37873
37909
37943
37949
37954
37987
37991
38010
38045
38054
38058
38072
38098
38106
38117
38134
38140
38143
38161
38176
38208
38210
38268
38276
38347
38355
38388
38396
38399
38400
38418
38420
38535
38536
38545
38547
38551
38552
38567
38570
38576
38658
38690
38700
38719
38720
38749
38822
38861
38870
38874
38899
38964
38965
38985
39118
39149
39179
39181
39218
39238
39250
39288
39304
39305
39328
39371
39381
39385
39410
39466
39468
39476
39477