編號
60437
60478
60498
60512
60525
60534
60543
60546
60550
60562
60573
60592
60601
60623
60625
60628
60642
60651
60654
60677
60705
60727
60728
60754
60756
60761
60763
60775
60797
60800
60801
60807
60825
60831
60862
60869
60871
60896
60903
60904
60916
60917
60930
60932
60938
60940
60951
60989
61022
61047
61048
61059
61073
61078
61087
61093
61106
61115
61121
61150
61156
61158
61164
61170
61173
61174
61177
61181
61187
61188
61199
61201
61211
61220
61222
61223
61231
61237
61247
61256
61260
61283
61297
61319
61348
61350
61356
61390
61411
61427
61441
61445
61454
61458
61461
61462
61485
61491
61494
61509
61514
61515
61529
61531
61535
61538
61546
61557
61559
61561
61567
61570
61571
61578
61579
61595
61608
61612
61640
61653
61664
61679
61687
61727
61733
61746
61756
61757
61758
61761
61764
61766
61767
61768
61780
61784
61790
61800
61801
61803
61806
61813
61817
61818
61819
61823
61826
61857
61862
61867
61875
61908
61948
61974
61982
61991
61996
61997
62003
62006
62017
62028
62034
62036
62041
62062
62068
62069
62076
62079
62080
62083
62089
62113
62114
62125
62140
62155
62156
62158
62186
62199
62211
62220
62224
62225
62226
62236
62238
62248
62261
62264
62275
62291
62293
62307
62317
62323
62327
62380
62383
62389
62390
62400
62404
62426
62434
62437
62438
62447
62449
62458
62470
62478
62484
62492
62496
62509
62513
62514
62519
62520
62525
62527
62529
